
.Random.seed <-
c(403L, 624L, 1920151589L, -1345032542L, 89969083L, -743083584L, 
819123905L, -1535195762L, -283481929L, 942548364L, 2053647645L, 
2094242106L, 1299424627L, -1972022248L, 693210937L, -909208154L, 
-1381153809L, 606177636L, 741939477L, 1762928338L, 1374535723L, 
1850741104L, 2020648625L, -782403394L, -541501913L, -420415428L, 
600691725L, -207325334L, -332529181L, 2027096520L, -2109342423L, 
-586166570L, -1577091233L, 846189076L, -481673723L, 94300930L, 
2100513435L, 662150432L, 1256420001L, -141166610L, -660824169L, 
152925932L, 1116616445L, -1146494566L, -921142701L, -1054659720L, 
-1646860519L, 904680454L, -2104912177L, 463816388L, -826958091L, 
1601682226L, 1117024523L, 1269241040L, 631913105L, 148587294L, 
2098939143L, -698441316L, 429413869L, -1857628214L, -965079357L, 
826325288L, 1935887625L, -1099487946L, -1216181697L, 516745076L, 
-112575515L, -1587439774L, -952618117L, -1776715648L, -167510399L, 
866146894L, -699644297L, -1054902196L, -1214566179L, 429808122L, 
-396771533L, 1573303000L, -502649095L, -1249688986L, 1189173679L, 
-1917733852L, 831984853L, 1994358674L, 168137195L, -523646928L, 
149929585L, 320355710L, -1022975001L, 646642428L, -419051571L, 
311650346L, -998339677L, 1376786568L, -1599435543L, -559699050L, 
1146946847L, 2094968020L, -102028859L, 1010070466L, 1403227227L, 
-730659872L, -80971167L, -550114130L, 1742822743L, -24368724L, 
503782077L, -2100755878L, -227576813L, 1077406264L, 769877721L, 
-1305780026L, 1097632911L, 1939788164L, 2018867893L, 778269682L, 
-1502010677L, -1735382128L, -1455869359L, -1666422818L, -1624018233L, 
-1949432740L, 1854810541L, -375248758L, 2071165059L, 823732200L, 
-1072448311L, -1926405642L, -1119424513L, 469574196L, 1722091429L, 
-1691385822L, 783111483L, -2091106496L, 525657665L, 1290710798L, 
1762911287L, 196840204L, 1984558237L, 1866586810L, 1251055859L, 
-1269902952L, 895127225L, -511922394L, -1797050513L, -221995292L, 
40423573L, 287021138L, -1306057813L, -908968208L, -1988192719L, 
506446398L, 1532604839L, 1719647676L, 1319730061L, 344660202L, 
-1668229789L, -1875646648L, 60218537L, 1705789526L, 1928874719L, 
-142588012L, -51391099L, -1888830334L, 9276955L, 799877792L, 
594887201L, -1688034962L, 295426839L, -553280404L, 2094775933L, 
-484383974L, 1878535635L, 1910728952L, 677881497L, 1158622598L, 
1073562191L, 1551572036L, 1799951989L, -1239421774L, 1665635467L, 
-1217920432L, 683141649L, -600159074L, -1657708409L, -1023924452L, 
-506479251L, 493238602L, -183590333L, -1657252184L, 422309001L, 
1337482934L, -1842801217L, 918559988L, -1237085339L, -167892766L, 
226244347L, 1379780096L, -997880319L, -1255554098L, -181321225L, 
448945612L, -1439401891L, 1853758330L, -35966285L, -1664241576L, 
-1291669895L, 712694758L, 494060847L, 773474724L, -1972482987L, 
-1064799982L, -1944947349L, -1876331088L, 31272433L, -412875010L, 
1718779751L, 1502560380L, 1048112973L, 441158058L, 1847910179L, 
-234981880L, 717941865L, 2129241366L, 596725919L, 756326996L, 
-937934523L, -1207843518L, 900812763L, 1340477792L, -1149384223L, 
1356600878L, 59513047L, 222940972L, 852238909L, 762414042L, -1418549357L, 
-991582280L, -47995303L, 727169606L, -470042609L, 284829444L, 
1934651957L, -546495118L, -1698707893L, 1861130512L, -1947835951L, 
474280286L, 349507143L, -1902310948L, 924651821L, -1387066870L, 
218860547L, -1805761176L, -563356599L, 1926765430L, 199818111L, 
1507186612L, -1545216219L, -896691806L, -177940293L, 2038303936L, 
-1118439999L, -250505074L, -2006687817L, -1326190452L, 119192605L, 
-938271686L, 1274449011L, -435990760L, -1430090183L, 759023782L, 
642783983L, -630016924L, 1969719317L, -840562222L, -1719171285L, 
1519348848L, 969639345L, 594873278L, 1645284647L, 1920566076L, 
1513366285L, 76855914L, -218453789L, -164641592L, 1443281961L, 
-149175850L, 199759455L, 1750842644L, -148607739L, 783912450L, 
1691275675L, 199079968L, 2063995297L, -463320338L, 728897175L, 
-1407663636L, -744995331L, 1920656538L, -828448429L, 1744742008L, 
-606640615L, 1640302342L, 1395125711L, -1948519996L, 472616437L, 
1393237554L, 782350347L, 1172565968L, 2055510417L, 1905022494L, 
1675525127L, -1048793956L, -231332627L, -634873142L, 1563047363L, 
-179637208L, 798198793L, 592222262L, -1069113025L, 805196404L, 
-1421088027L, -241321374L, 942094971L, 803017600L, -1585046143L, 
1164324174L, -261276297L, 1360020300L, 12369885L, -322904838L, 
1050912307L, 514829784L, 744107513L, 1183151462L, -1254412113L, 
1385029412L, 789873621L, 1106535058L, -1673111317L, 264512304L, 
-1190552207L, 1193463934L, -1946854681L, -469858820L, 94049997L, 
1948691242L, -1529728349L, -611855480L, -2062922775L, 1526898326L, 
-1581474785L, -1273653292L, -439068475L, 743577282L, -1079635109L, 
-95150368L, -640804511L, -88784978L, 923653207L, -1640860500L, 
-1291834947L, -2097347238L, -1019421933L, 1240360248L, -1270684199L, 
-1525214266L, 1933697935L, -2015331196L, -1315280459L, 2042222322L, 
-1062377013L, -2096626032L, 1548915025L, -1328514338L, -1475499577L, 
-296284324L, 1457191085L, -1532564598L, 1059757955L, 1589535464L, 
-329057335L, 1305859318L, 84018943L, 603557172L, 137737893L, 
65970978L, -410821573L, 1813699136L, -925498047L, -1226341874L, 
-1156850889L, 1037522444L, -891649123L, 222780858L, -1616740365L, 
-1785541480L, 126455225L, -1827544538L, -1879832977L, -1322530332L, 
-483049579L, -445416622L, 370076331L, 1451727344L, -950569679L, 
-2027072194L, -505452377L, -1596045124L, 1684916877L, -910074902L, 
-1117029277L, -1597595064L, 2006293417L, -144819370L, 449765855L, 
-620612972L, -1343748987L, -1450483838L, 938939675L, 1913210272L, 
261480737L, -124455826L, -1809886697L, -2041125012L, -456929923L, 
-273160678L, 856462547L, 427090936L, 908469657L, 1913512070L, 
-368469681L, 2143799108L, 1063060853L, 2084130738L, -1297949813L, 
756735312L, 1494239505L, 1859215262L, -1088252025L, 1743532572L, 
1758170221L, -846332854L, -858994365L, 796430760L, -1264964727L, 
-1623993930L, -270848833L, 1619494900L, -1235008923L, 1514163170L, 
-717668869L, -453549824L, 1258663169L, 173381326L, 905984247L, 
2047420620L, 1496581981L, 442932858L, -122480205L, 1500293976L, 
-871322247L, -274526490L, 1010474031L, -787712860L, 2106178389L, 
1092834322L, 1218526315L, -1785081680L, 1819610353L, -665544194L, 
563033703L, 1540934524L, 1517043277L, 639945898L, 914785827L, 
78393608L, -1385649303L, -655452138L, 1826547615L, 1742835028L, 
824143941L, 1596287042L, 2139215579L, -1984091040L, 337471713L, 
46229806L, 1885769687L, -951707092L, 1017327933L, 158041818L, 
-2016538989L, 1163010744L, -784259751L, 90795334L, 490671887L, 
-1370369532L, -1858903755L, 1128892530L, 641862987L, 182219792L, 
1484636369L, 5178462L, 1188906311L, 1090262236L, -339222483L, 
-711078646L, -539970813L, -2043051928L, -403104951L, -2077847946L, 
1452413567L, -798473548L, 1905561125L, 223524002L, -1828134981L, 
288532416L, -2812735L, -999265394L, 1862948535L, -932856948L, 
1602833181L, -992043206L, -1818922125L, 956123672L, -911241927L, 
-117900378L, -3214865L, 1290788708L, -1445857515L, -1648104238L, 
901598763L, -205863056L, 1881302193L, -279404866L, -926628825L, 
-2018636228L, -1957268979L, 1779498346L, -907849757L, -2047311928L, 
1715698473L, -864832298L, 1303162207L, -1519146988L, 87727109L, 
-975163134L, 134633627L, 405787424L, -1624985439L, -33907218L, 
-1180463721L, -2084565780L, 1314804989L, -522721382L, -348043181L, 
-62512776L, -1252793063L, 1542044166L, 849495247L, 238984388L, 
853376245L, 2007662898L, -45416693L, -1559442736L, 39516305L, 
2047437086L, -1661095161L, 1279702940L, 1670378477L, -40477238L, 
301358275L, 1103179560L, -1505768695L, 695077686L, -823740353L, 
509328756L, -1249273371L, -169484958L, 1924284795L, 663531136L, 
2130984065L, 704118862L, 870986871L, -1414721972L, 1369067229L, 
2104451066L, 2047446323L, -1023104808L, 270937337L, 198420582L, 
-529463377L, 2140539428L, -741477675L, 68502930L, -1625088021L, 
1470791216L, 1512012913L, 1090085758L, 356520423L, 1461588220L, 
1525441997L, 910552618L, -247342685L, 1667993224L, -1578759447L, 
